a:   -111001100
b:   110
and: 100
or:  -111001010
xor: -111001110
not: 459
shl: 1.0110001001000001e+30
shr: -110100111011011120000
las: -111001100000000
ras: -1000
rol: 1.0110001001000001e+30
ror: -241450549
